[?25l[39m[38;2;108;132;144m@[38;2;110;134;146m@@@@@@@@@@@@@@@@@@@@@@@[38;2;110;133;145m@[38;2;104;123;134m@[38;2;101;116;128m@[38;2;95;111;130m@[38;2;100;114;131mR[38;2;100;116;132mP[38;2;101;117;134mP[38;2;87;97;117m@[38;2;102;120;135mR[38;2;106;125;139m@[38;2;110;134;146m@@@@@@@@@@@@@@@[38;2;105;126;138m@[39m
[38;2;108;132;144m@[38;2;110;134;146m@@@@@@@@@@@@@@@@@@@[38;2;110;133;145m@[38;2;94;106;119m@[38;2;91;100;114mF[38;2;91;98;107m~           [38;2;119;131;141m~[38;2;105;113;126mA[38;2;114;135;146m@[38;2;110;134;146m@@@@@@@@@@@[38;2;105;126;138m@[39m
[38;2;108;132;144m@[38;2;110;134;146m@@@@@@@@@@@@@@@@@[38;2;106;127;139m@[38;2;94;105;118mF[38;2;67;61;76m~                [38;2;74;70;84m`[38;2;94;98;109mM[38;2;109;133;145m@[38;2;110;134;146m@@@@@@@@@[38;2;105;126;138m@[39m
[38;2;108;132;144m@[38;2;110;134;146m@@@@@@@@@@@@@@@[38;2;110;133;145m@[38;2;100;117;133mF                     [38;2;73;69;80m"[38;2;96;108;118m@[38;2;110;134;146m@@@@@@@@[38;2;105;126;138m@[39m
[38;2;108;132;144m@[38;2;110;134;146m@@@@@@@@@@@@@@[38;2;105;125;138m@[38;2;79;87;106m~     [38;2;131;88;86my[38;2;186;149;138m_[38;2;101;69;70m_[38;2;115;77;75m_[38;2;131;93;84my[38;2;182;146;126m@   [38;2;153;103;83m,         [38;2;94;104;115m@[38;2;110;134;146m@@@@@@@[38;2;105;126;138m@[39m
[38;2;108;132;144m@[38;2;110;134;146m@@@@@@@@@@@@@[38;2;104;123;136m@[38;2;73;68;80m~    [38;2;98;61;63m_[38;2;163;118;103m@[38;2;169;128;110mR[38;2;159;128;116m@[38;2;200;173;159m@[38;2;142;115;110m@[38;2;194;166;149m@[38;2;202;173;153m@[38;2;205;178;164mg[38;2;190;160;150mg[38;2;188;162;150mg[38;2;105;80;77m~  [38;2;89;56;50m.       [38;2;101;118;129m@[38;2;110;134;146m@@@@@@[38;2;105;126;138m@[39m
[38;2;108;132;144m@[38;2;110;134;146m@@@@@@@@@@@@[38;2;110;133;145m@[38;2;72;67;80m"    [38;2;151;107;96my[38;2;173;137;125mg[38;2;138;103;99mg[38;2;180;168;171m@[38;2;200;194;198m@[38;2;76;69;72my[38;2;173;128;115m$[38;2;201;168;148m@[38;2;212;183;161m@[38;2;217;200;188m@[38;2;221;204;192m@[38;2;213;196;183m@[38;2;160;136;129m@[38;2;145;117;110mg[38;2;148;121;115my[38;2;167;130;123m_       [38;2;81;83;93m4[38;2;110;134;146m@@@@@@[38;2;105;126;138m@[39m
[38;2;108;132;144m@[38;2;110;134;146m@@@@@@@@@@@@[38;2;99;112;123m$  [38;2;111;78;73mz  [38;2;197;143;119m@[38;2;204;155;132m@[38;2;203;160;139m@[38;2;206;171;150m@[38;2;200;163;143m@[38;2;190;153;134m$[38;2;176;126;111m@[38;2;187;139;120m@[38;2;205;163;137m@[38;2;204;172;151m@[38;2;202;174;159m@[38;2;160;125;114m$[38;2;159;123;110mP[38;2;166;131;118mR[38;2;202;170;152m@[38;2;214;189;170m@[38;2;131;95;88mw       [38;2;108;130;142m$[38;2;110;134;146m@@@@@[38;2;105;126;138m@[39m
[38;2;108;132;144m@[38;2;110;134;146m@@@@@@@@@@@@[38;2;86;90;101m$  [38;2;147;104;92m$ [38;2;113;73;67m4[38;2;205;155;129m@[38;2;210;170;142m@[38;2;209;176;151m@[38;2;210;177;152m@[38;2;209;178;157m@[38;2;195;159;142m@[38;2;192;154;140m@[38;2;204;171;157m@[38;2;195;150;129m@[38;2;206;167;138m@[38;2;192;163;149m@[38;2;193;175;171m@[38;2;185;179;181m@[38;2;88;84;87m@[38;2;133;74;53m`[38;2;190;146;124m@[38;2;167;123;103m$       [38;2;94;107;121m$[38;2;110;134;146m@@@@@[38;2;105;126;138m@[39m
[38;2;108;132;144m@[38;2;110;134;146m@@@@@@@@@@@@[38;2;98;112;124m$  [38;2;119;80;75m~  [38;2;198;148;123m@[38;2;213;176;146m@[38;2;212;182;158m@[38;2;215;188;167m@[38;2;214;186;166m@[38;2;203;168;147m@[38;2;200;167;150m@[38;2;195;161;147m@[38;2;204;176;160m@[38;2;214;188;168m@[38;2;211;178;153m@[38;2;210;180;156m@[38;2;209;180;159m@[38;2;188;158;139m@[38;2;189;153;131m@[38;2;203;173;154m@[38;2;168;118;98mF       [38;2;92;106;121m4[38;2;110;134;146m@@@@@[38;2;105;126;138m@[39m
[38;2;108;132;144m@[38;2;110;134;146m@@@@@@@@@@@@[38;2;110;133;145m@[38;2;77;79;96m_  [38;2;131;89;83m4[38;2;132;91;81ma[38;2;126;87;81m4[38;2;209;168;139m@[38;2;212;178;152m@[38;2;191;143;129m@[38;2;184;138;128m@[38;2;190;144;135m@[38;2;201;174;166m@[38;2;213;184;158m@[38;2;214;185;160m@[38;2;213;190;173m@[38;2;212;185;163m@[38;2;212;181;157m@[38;2;211;176;151m@[38;2;208;169;142m@[38;2;205;165;138m@[38;2;171;121;97m@[38;2;117;69;53m_       [38;2;88;100;119m4[38;2;110;134;146m@@@@@[38;2;105;126;138m@[39m
[38;2;108;132;144m@[38;2;110;134;146m@@@@@@@@@@@@@[38;2;108;130;143m@[38;2;85;86;101mg[38;2;88;98;114m_[38;2;96;58;63m"[38;2;162;114;100m@[38;2;189;139;119m@[38;2;185;140;122m@[38;2;212;176;149m@[38;2;205;167;145m@[38;2;192;144;136m@[38;2;188;138;131m@[38;2;183;132;124m@[38;2;193;151;135m@[38;2;209;187;171m@[38;2;211;185;164m@[38;2;212;184;160m@[38;2;212;183;158m@[38;2;212;180;153m@[38;2;206;165;139m@[38;2;172;120;98m@[38;2;198;152;131mg[38;2;121;76;62m~       [38;2;90;100;115mg[38;2;110;134;146m@@@@@[38;2;105;126;138m@[39m
[38;2;108;132;144m@[38;2;110;134;146m@@@@@@@@@@@@@@[38;2;110;133;145m@[38;2;110;134;146m@[38;2;87;91;105m$[38;2;114;80;78m@[38;2;158;109;93m@[38;2;182;134;115m@[38;2;209;171;146m@[38;2;216;189;168m@[38;2;218;192;172m@[38;2;217;189;166m@[38;2;215;185;158m@[38;2;214;184;157m@[38;2;212;186;164m@[38;2;211;185;163m@[38;2;213;183;157m@[38;2;211;180;155m@[38;2;164;130;115m@[38;2;180;130;111m~[38;2;145;112;102mT[38;2;150;110;99m~        [38;2;103;122;135m$[38;2;110;134;146m@@@@@[38;2;105;126;138m@[39m
[38;2;108;132;144m@[38;2;110;134;146m@@@@@@@@@@@@@@@@[38;2;93;96;103mL   [38;2;178;133;114m~[38;2;162;120;104mP[38;2;175;139;120mR[38;2;172;138;120m@[38;2;179;144;124m@[38;2;178;144;124m@[38;2;187;151;131mR[38;2;171;135;119mR[38;2;174;141;126mF[38;2;144;111;102m~           [38;2;89;89;106m$[38;2;110;133;145m@[38;2;110;134;146m@@@@@[38;2;105;126;138m@[39m
[38;2;108;132;144m@[38;2;110;134;146m@@@@@@@@@@@@@@@@[38;2;96;96;106ms            [38;2;80;75;85m-[38;2;78;78;90my         [38;2;94;105;116mg[38;2;111;130;142m@[38;2;110;134;146m@@@@@@[38;2;105;126;138m@[39m
[38;2;108;132;144m@[38;2;110;134;146m@@@@@@@@@@@@@@@@[38;2;108;127;138m$            [38;2;88;91;101mT[38;2;89;95;108my[38;2;94;110;128mg[38;2;89;94;105m$[38;2;93;91;100m/[38;2;94;105;118m_[38;2;87;90;101my[38;2;104;112;120m_[38;2;96;102;111my [38;2;100;116;127mg[38;2;110;134;146m@@@@@@@@[38;2;105;126;138m@[39m
[38;2;108;132;144m@[38;2;110;134;146m@@@@@@@@@@@@@@[38;2;110;133;145m@[38;2;104;117;128mP[38;2;105;107;116m~              [38;2;99;111;121m5[38;2;109;133;145m@[38;2;110;134;146m@@[38;2;110;133;145m@[38;2;110;134;146m@[38;2;108;127;139m@[38;2;107;129;141m@[38;2;110;134;146m@@@@@@@@@[38;2;105;126;138m@[39m
[38;2;108;132;144m@[38;2;110;134;146m@@@@@@@@@@@@@[38;2;110;133;145m@[38;2;95;94;104m~                [38;2;78;70;79m4[38;2;110;134;146m@@@@@@@@@@@@@@@@[38;2;105;126;138m@[39m
[38;2;108;132;144m@[38;2;110;134;146m@@@@@@@@@@@@@[38;2;106;118;129m@                  [38;2;109;129;140m@[38;2;110;134;146m@@@@@@@@@@@@@@@[38;2;105;126;138m@[39m
[38;2;108;132;144m@[38;2;110;134;146m@@@@@@@@@@@@@[38;2;103;113;124m$                  [38;2;101;110;119m$[38;2;110;134;146m@@@@@@@@@@@@@@@[38;2;105;126;138m@[39m
[38;2;108;132;144m@[38;2;110;134;146m@@@@@@@@@@@@@[38;2;93;84;92mF                  [38;2;91;96;107m4[38;2;110;134;146m@@@@@@@@@@@@@@@[38;2;105;126;138m@[39m
[38;2;108;132;144m@[38;2;110;134;146m@@@@@@@@@@[38;2;110;132;144m@[38;2;112;124;134mP[38;2;112;122;130m~                   [38;2;85;79;87m4[38;2;110;134;146m@@@@@@@@@@@@@@@[38;2;105;126;138m@[39m
[38;2;108;132;144m@[38;2;110;134;146m@@@@@@@@[38;2;100;107;114m@[38;2;110;130;141m~                      [38;2;83;74;83m4[38;2;110;134;146m@@@@@@@@@@@@@@@[38;2;105;126;138m@[39m
[38;2;108;132;144m@[38;2;110;134;146m@@@@@[38;2;110;133;145m@[38;2;106;117;126mP[38;2;94;89;93m~                        [38;2;98;103;113mg[38;2;110;134;146m@@@@@@@@@@@@@@@[38;2;105;126;138m@[39m
[?25h